Counter | 	             Matrix | 	   KACZ| 	    KACZ| 	    KACZ| 	 SYMM_KACZ| 	 SYMM_KACZ| 	 SYMM_KACZ| 	 
     0 | 	  Anderson-16.5.mtx | 	18.813439 | 	 4244.814040 | 	   1360 | 	 18.165817 | 	 8469.042127 | 	   1310 | 	 
     1 | 	       audikw_1.mtx | 	10.149224 | 	 30298.012566 | 	    990 | 	 9.809832 | 	 62692.473305 | 	    990 | 	 
     2 | 	        bone010.mtx | 	14.430364 | 	 24037.163114 | 	   1210 | 	 13.633760 | 	 68124.680325 | 	   1620 | 	 
     3 | 	 channel-500x100x100-b050.mtx | 	9.743771 | 	 74028.624804 | 	   2000 | 	 9.245484 | 	 108445.591630 | 	   1390 | 	 
     4 | 	     crankseg_1.mtx | 	1.876347 | 	 23985.038221 | 	   1060 | 	 1.847996 | 	 58355.317756 | 	   1270 | 	 
     5 | 	   delaunay_n24.mtx | 	7.980103 | 	 56511.941885 | 	   1120 | 	 7.877398 | 	 161523.236354 | 	   1580 | 	 
     6 | 	 dielFilterV3real.mtx | 	12.834258 | 	 27555.301206 | 	    990 | 	 12.266884 | 	 73384.952462 | 	   1260 | 	 
     7 | 	     Emilia_923.mtx | 	13.605690 | 	 20011.816465 | 	   1660 | 	 12.611237 | 	 38237.423118 | 	   1470 | 	 
     8 | 	             F1.mtx | 	9.116731 | 	 11303.888958 | 	    960 | 	 8.834178 | 	 30378.733812 | 	   1250 | 	 
     9 | 	      Fault_639.mtx | 	9.439109 | 	 20614.131427 | 	   1700 | 	 9.058860 | 	 41189.942752 | 	   1630 | 	 
    10 | 	      Flan_1565.mtx | 	17.100827 | 	 45861.664579 | 	   1670 | 	 16.081831 | 	 161195.918406 | 	   2760 | 	 
    11 | 	 FreeBosonChain-18.mtx | 	8.104545 | 	 10377.297257 | 	    540 | 	 7.665613 | 	 170667.783013 | 	   4200 | 	 
    12 | 	 FreeFermionChain-26.mtx | 	4.784130 | 	 37622.018677 | 	    320 | 	 4.677296 | 	 680638.666354 | 	   2830 | 	 
    13 | 	     G3_circuit.mtx | 	19.479269 | 	 2029.329851 | 	   1290 | 	 18.246749 | 	 4064.110124 | 	   1210 | 	 
    14 | 	       Geo_1438.mtx | 	12.615261 | 	 36045.877668 | 	   1800 | 	 11.763698 | 	 68290.866229 | 	   1590 | 	 
    15 | 	  Graphene-4096.mtx | 	12.338873 | 	 118027.921586 | 	   1670 | 	 12.021101 | 	 210376.656098 | 	   1450 | 	 
    16 | 	     gsm_106857.mtx | 	10.811827 | 	 4508.025255 | 	    560 | 	 10.290035 | 	 18608.150733 | 	   1100 | 	 
    17 | 	      Hook_1498.mtx | 	12.598758 | 	 27270.496749 | 	   1410 | 	 11.661271 | 	 59343.632803 | 	   1420 | 	 
    18 | 	       HPCG-192.mtx | 	11.715885 | 	 129136.957435 | 	   2000 | 	 11.437391 | 	 179902.672232 | 	   1360 | 	 
    19 | 	     Hubbard-12.mtx | 	7.096950 | 	 3628.000716 | 	    580 | 	 6.958355 | 	 60224.962081 | 	   4720 | 	 
    20 | 	     Hubbard-14.mtx | 	4.858133 | 	 116374.537686 | 	    800 | 	 4.717942 | 	 2396650.582512 | 	   8000 | 	 
    21 | 	       inline_1.mtx | 	11.140937 | 	 10839.088375 | 	    820 | 	 10.694937 | 	 27814.660001 | 	   1010 | 	 
    22 | 	      nlpkkt120.mtx | 	11.900310 | 	 63151.575594 | 	   1940 | 	 11.087210 | 	 92240.663215 | 	   1320 | 	 
    23 | 	      nlpkkt200.mtx | 	5.843101 | 	 607545.035563 | 	   1980 | 	 5.667727 | 	 847778.781877 | 	   1340 | 	 
    24 | 	       offshore.mtx | 	6.335976 | 	 3267.727497 | 	   1220 | 	 6.221272 | 	 6546.838542 | 	   1200 | 	 
    25 | 	  parabolic_fem.mtx | 	24.339050 | 	 1207.812125 | 	   2000 | 	 20.792456 | 	 2021.777047 | 	   1430 | 	 
    26 | 	           pwtk.mtx | 	14.037051 | 	 4409.411524 | 	   1330 | 	 13.543612 | 	 8315.449403 | 	   1210 | 	 
    27 | 	         Serena.mtx | 	8.448260 | 	 34220.302749 | 	   1120 | 	 8.267427 | 	 70562.049803 | 	   1130 | 	 
    28 | 	       ship_003.mtx | 	7.978470 | 	 4743.094949 | 	   1170 | 	 7.841710 | 	 9321.658906 | 	   1130 | 	 
    29 | 	        Spin-26.mtx | 	5.057560 | 	 162376.980205 | 	   1410 | 	 4.942705 | 	 304019.501458 | 	   1290 | 	 
    30 | 	       thermal2.mtx | 	20.422175 | 	 2856.998773 | 	   1700 | 	 19.004321 | 	 4912.240995 | 	   1360 | 	 
