Counter | 	             Matrix | 	   KACZ| 	    KACZ| 	    KACZ| 	 SYMM_KACZ| 	 SYMM_KACZ| 	 SYMM_KACZ| 	 
     0 | 	  Anderson-16.5.mtx | 	17.994876 | 	 4437.904769 | 	   1360 | 	 17.504669 | 	 7245.824159 | 	   1080 | 	 
     1 | 	       audikw_1.mtx | 	28.854871 | 	 11625.627512 | 	   1080 | 	 25.039542 | 	 23568.883479 | 	    950 | 	 
     2 | 	        bone010.mtx | 	29.327936 | 	 11924.864547 | 	   1220 | 	 24.643671 | 	 31872.804624 | 	   1370 | 	 
     3 | 	 channel-500x100x100-b050.mtx | 	20.659990 | 	 34913.760613 | 	   2000 | 	 19.682763 | 	 41411.323589 | 	   1130 | 	 
     4 | 	     crankseg_1.mtx | 	5.731653 | 	 9185.218390 | 	   1240 | 	 5.237748 | 	 36476.706688 | 	   2250 | 	 
     5 | 	   delaunay_n24.mtx | 	13.346898 | 	 33185.096480 | 	   1100 | 	 13.253567 | 	 76559.393803 | 	   1260 | 	 
     6 | 	 dielFilterV3real.mtx | 	28.945164 | 	 11724.337567 | 	    950 | 	 24.716414 | 	 30062.050932 | 	   1040 | 	 
     7 | 	     Emilia_923.mtx | 	28.135928 | 	 9735.409430 | 	   1670 | 	 25.701974 | 	 15188.310383 | 	   1190 | 	 
     8 | 	             F1.mtx | 	23.138704 | 	 4500.165584 | 	    970 | 	 20.122238 | 	 12376.774756 | 	   1160 | 	 
     9 | 	      Fault_639.mtx | 	27.947339 | 	 7003.300624 | 	   1710 | 	 25.145408 | 	 11925.860422 | 	   1310 | 	 
    10 | 	      Flan_1565.mtx | 	29.525405 | 	 25449.225120 | 	   1600 | 	 25.433920 | 	 63887.110944 | 	   1730 | 	 
    11 | 	     G3_circuit.mtx | 	16.957908 | 	 2312.987472 | 	   1280 | 	 16.095095 | 	 3465.081245 | 	    910 | 	 
    12 | 	       Geo_1438.mtx | 	28.285675 | 	 16612.146426 | 	   1860 | 	 26.428093 | 	 25235.821889 | 	   1320 | 	 
    13 | 	  Graphene-4096.mtx | 	21.169201 | 	 79917.344597 | 	   1940 | 	 20.095991 | 	 99807.276266 | 	   1150 | 	 
    14 | 	 Graphene-short-4096.mtx | 	11.753467 | 	 44755.914019 | 	   1960 | 	 11.802042 | 	 47755.400846 | 	   1050 | 	 
    15 | 	     gsm_106857.mtx | 	24.702136 | 	 1832.171996 | 	    520 | 	 23.512788 | 	 6218.742346 | 	    840 | 	 
    16 | 	      Hook_1498.mtx | 	28.419682 | 	 12089.311588 | 	   1410 | 	 26.400655 | 	 21043.686543 | 	   1140 | 	 
    17 | 	       HPCG-192.mtx | 	21.430630 | 	 70597.729256 | 	   2000 | 	 20.636315 | 	 83579.230827 | 	   1140 | 	 
    18 | 	       inline_1.mtx | 	26.771484 | 	 4565.688462 | 	    830 | 	 23.611138 | 	 13721.651657 | 	   1100 | 	 
    19 | 	      nlpkkt120.mtx | 	22.234903 | 	 33450.817577 | 	   1920 | 	 21.481489 | 	 40394.700164 | 	   1120 | 	 
    20 | 	      nlpkkt200.mtx | 	18.284394 | 	 192190.619018 | 	   1960 | 	 17.954247 | 	 227679.705806 | 	   1140 | 	 
    21 | 	       offshore.mtx | 	16.348852 | 	 1266.403535 | 	   1220 | 	 15.303070 | 	 1973.972018 | 	    890 | 	 
    22 | 	  parabolic_fem.mtx | 	19.839206 | 	 1481.762935 | 	   2000 | 	 18.587763 | 	 2973.265772 | 	   1880 | 	 
    23 | 	           pwtk.mtx | 	29.523873 | 	 2080.680921 | 	   1320 | 	 25.587634 | 	 3855.765512 | 	   1060 | 	 
    24 | 	         Serena.mtx | 	26.145948 | 	 11057.239886 | 	   1120 | 	 23.969977 | 	 21752.885039 | 	   1010 | 	 
    25 | 	       ship_003.mtx | 	22.080688 | 	 1684.537938 | 	   1150 | 	 18.606680 | 	 3650.446276 | 	   1050 | 	 
    26 | 	        Spin-26.mtx | 	6.638172 | 	 123713.482619 | 	   1410 | 	 6.466911 | 	 205345.119853 | 	   1140 | 	 
    27 | 	       thermal2.mtx | 	19.199653 | 	 3038.915747 | 	   1700 | 	 18.272815 | 	 5597.240051 | 	   1490 | 	 
