Counter | 	             Matrix | 	   KACZ| 	    KACZ| 	    KACZ| 	 SYMM_KACZ| 	 SYMM_KACZ| 	 SYMM_KACZ| 	 
     0 | 	  Anderson-16.5.mtx | 	17.959480 | 	 4446.651521 | 	   1360 | 	 17.685403 | 	 8167.856311 | 	   1230 | 	 
     1 | 	       audikw_1.mtx | 	29.176148 | 	 11284.691684 | 	   1060 | 	 24.439999 | 	 25926.312836 | 	   1020 | 	 
     2 | 	        bone010.mtx | 	28.326917 | 	 12649.863153 | 	   1250 | 	 23.949504 | 	 25136.100156 | 	   1050 | 	 
     3 | 	 channel-500x100x100-b050.mtx | 	27.174232 | 	 26544.189048 | 	   2000 | 	 26.037220 | 	 28534.439724 | 	   1030 | 	 
     4 | 	     crankseg_1.mtx | 	10.826497 | 	 4117.645879 | 	   1050 | 	 9.198385 | 	 9415.995979 | 	   1020 | 	 
     5 | 	   delaunay_n24.mtx | 	17.312811 | 	 25815.832252 | 	   1110 | 	 16.739471 | 	 49551.432846 | 	   1030 | 	 
     6 | 	 dielFilterV3real.mtx | 	26.450670 | 	 12559.923609 | 	    930 | 	 22.225418 | 	 32788.454618 | 	   1020 | 	 
     7 | 	     Emilia_923.mtx | 	29.237674 | 	 9256.357345 | 	   1650 | 	 26.335494 | 	 14075.568875 | 	   1130 | 	 
     8 | 	             F1.mtx | 	26.119329 | 	 3986.626044 | 	    970 | 	 22.010906 | 	 9949.197175 | 	   1020 | 	 
     9 | 	      Fault_639.mtx | 	28.692952 | 	 6661.750534 | 	   1670 | 	 25.550477 | 	 10392.884238 | 	   1160 | 	 
    10 | 	      Flan_1565.mtx | 	29.065395 | 	 28598.778543 | 	   1770 | 	 24.616822 | 	 70586.261377 | 	   1850 | 	 
    11 | 	 FreeBosonChain-18.mtx | 	19.763218 | 	 1418.515147 | 	    180 | 	 19.233015 | 	 16681.648963 | 	   1030 | 	 
    12 | 	 FreeFermionChain-26.mtx | 	17.293697 | 	 4878.636945 | 	    150 | 	 16.687338 | 	 53255.579051 | 	    790 | 	 
    13 | 	     G3_circuit.mtx | 	21.666491 | 	 1824.469992 | 	   1290 | 	 20.148802 | 	 3193.784847 | 	   1050 | 	 
    14 | 	       Geo_1438.mtx | 	28.041003 | 	 16576.912062 | 	   1840 | 	 25.334251 | 	 20741.235019 | 	   1040 | 	 
    15 | 	  Graphene-4096.mtx | 	27.242352 | 	 69783.970288 | 	   2180 | 	 26.018944 | 	 67702.621130 | 	   1010 | 	 
    16 | 	     gsm_106857.mtx | 	27.504023 | 	 1772.104024 | 	    560 | 	 24.743882 | 	 7105.275807 | 	   1010 | 	 
    17 | 	      Hook_1498.mtx | 	27.729371 | 	 12390.269934 | 	   1410 | 	 25.110342 | 	 20184.238590 | 	   1040 | 	 
    18 | 	       HPCG-192.mtx | 	26.081731 | 	 58008.180685 | 	   2000 | 	 24.729376 | 	 73416.512818 | 	   1200 | 	 
    19 | 	     Hubbard-12.mtx | 	19.363972 | 	 481.433129 | 	    210 | 	 18.461244 | 	 7069.643179 | 	   1470 | 	 
    20 | 	     Hubbard-14.mtx | 	19.118330 | 	 22548.479567 | 	    610 | 	 18.428171 | 	 117348.238415 | 	   1530 | 	 
    21 | 	       inline_1.mtx | 	30.813982 | 	 3966.714029 | 	    830 | 	 26.045767 | 	 11308.199924 | 	   1000 | 	 
    22 | 	      nlpkkt120.mtx | 	20.706273 | 	 36107.391138 | 	   1930 | 	 19.378427 | 	 44778.573486 | 	   1120 | 	 
    23 | 	      nlpkkt200.mtx | 	25.878063 | 	 136486.951290 | 	   1970 | 	 24.475084 | 	 150903.638521 | 	   1030 | 	 
    24 | 	       offshore.mtx | 	18.304709 | 	 1140.359605 | 	   1230 | 	 17.616318 | 	 1984.502372 | 	   1030 | 	 
    25 | 	  parabolic_fem.mtx | 	21.858487 | 	 1344.878100 | 	   2000 | 	 22.599533 | 	 1365.818035 | 	   1050 | 	 
    26 | 	           pwtk.mtx | 	33.364308 | 	 1687.750026 | 	   1210 | 	 29.826118 | 	 3214.218308 | 	   1030 | 	 
    27 | 	         Serena.mtx | 	25.385069 | 	 11388.663930 | 	   1120 | 	 22.860712 | 	 22130.917919 | 	    980 | 	 
    28 | 	       ship_003.mtx | 	30.373508 | 	 1224.611814 | 	   1150 | 	 26.157869 | 	 2547.184569 | 	   1030 | 	 
    29 | 	        Spin-26.mtx | 	19.072886 | 	 43057.531511 | 	   1410 | 	 18.593029 | 	 67036.300636 | 	   1070 | 	 
    30 | 	       thermal2.mtx | 	21.491534 | 	 2698.872760 | 	   1690 | 	 20.583243 | 	 3368.221821 | 	   1010 | 	 
