Counter | 	             Matrix | 	   KACZ| 	    KACZ| 	    KACZ| 	 SYMM_KACZ| 	 SYMM_KACZ| 	 SYMM_KACZ| 	 
     0 | 	  Anderson-16.5.mtx | 	3.616133 | 	 22084.241540 | 	   1360 | 	 3.400937 | 	 45236.668730 | 	   1310 | 	 
     1 | 	       audikw_1.mtx | 	3.294367 | 	 102769.974672 | 	   1090 | 	 3.184375 | 	 232147.754998 | 	   1190 | 	 
     2 | 	        bone010.mtx | 	6.624987 | 	 52357.085094 | 	   1210 | 	 6.343043 | 	 125638.360992 | 	   1390 | 	 
     3 | 	 channel-500x100x100-b050.mtx | 	3.069547 | 	 234991.679691 | 	   2000 | 	 3.080497 | 	 327818.883483 | 	   1400 | 	 
     4 | 	     crankseg_1.mtx | 	1.836786 | 	 36752.435607 | 	   1590 | 	 1.861477 | 	 136848.860644 | 	   3000 | 	 
     5 | 	   delaunay_n24.mtx | 	1.954975 | 	 228619.090896 | 	   1110 | 	 1.956021 | 	 601090.854550 | 	   1460 | 	 
     6 | 	 dielFilterV3real.mtx | 	4.213777 | 	 84775.268062 | 	   1000 | 	 4.107050 | 	 187873.055838 | 	   1080 | 	 
     7 | 	     Emilia_923.mtx | 	6.021643 | 	 45760.762817 | 	   1680 | 	 5.743727 | 	 83956.146588 | 	   1470 | 	 
     8 | 	             F1.mtx | 	1.887017 | 	 55750.159811 | 	    980 | 	 1.871931 | 	 153688.271927 | 	   1340 | 	 
     9 | 	      Fault_639.mtx | 	5.791063 | 	 32414.006707 | 	   1640 | 	 5.580948 | 	 62756.772791 | 	   1530 | 	 
    10 | 	      Flan_1565.mtx | 	6.466897 | 	 116917.735825 | 	   1610 | 	 5.911824 | 	 312986.189099 | 	   1970 | 	 
    11 | 	     G3_circuit.mtx | 	4.846415 | 	 8156.516358 | 	   1290 | 	 4.257442 | 	 17562.108377 | 	   1220 | 	 
    12 | 	       Geo_1438.mtx | 	5.746204 | 	 75618.273822 | 	   1720 | 	 5.329090 | 	 145060.019376 | 	   1530 | 	 
    13 | 	  Graphene-4096.mtx | 	4.829248 | 	 299759.065125 | 	   1660 | 	 4.966167 | 	 446021.927711 | 	   1270 | 	 
    14 | 	 Graphene-short-4096.mtx | 	4.279023 | 	 105371.957566 | 	   1680 | 	 4.290495 | 	 213933.636224 | 	   1710 | 	 
    15 | 	     gsm_106857.mtx | 	2.622260 | 	 17259.371512 | 	    520 | 	 2.495243 | 	 57204.260050 | 	    820 | 	 
    16 | 	      Hook_1498.mtx | 	5.723488 | 	 60028.843684 | 	   1410 | 	 5.347373 | 	 122122.594581 | 	   1340 | 	 
    17 | 	       HPCG-192.mtx | 	2.869698 | 	 527217.064311 | 	   2000 | 	 2.847961 | 	 722487.858912 | 	   1360 | 	 
    18 | 	       inline_1.mtx | 	3.615493 | 	 34621.988985 | 	    850 | 	 3.517903 | 	 113026.577731 | 	   1350 | 	 
    19 | 	      nlpkkt120.mtx | 	5.218860 | 	 144001.427358 | 	   1940 | 	 5.354115 | 	 177986.964193 | 	   1230 | 	 
    20 | 	      nlpkkt200.mtx | 	4.671512 | 	 759913.975975 | 	   1980 | 	 4.616286 | 	 963198.215079 | 	   1240 | 	 
    21 | 	       offshore.mtx | 	4.487398 | 	 4651.682528 | 	   1230 | 	 4.143928 | 	 9501.131774 | 	   1160 | 	 
    22 | 	  parabolic_fem.mtx | 	6.332736 | 	 4642.069599 | 	   2000 | 	 5.934224 | 	 9758.999607 | 	   1970 | 	 
    23 | 	           pwtk.mtx | 	7.289446 | 	 8554.904318 | 	   1340 | 	 7.061438 | 	 15816.957220 | 	   1200 | 	 
    24 | 	         Serena.mtx | 	5.388505 | 	 53651.621735 | 	   1120 | 	 5.108226 | 	 120265.195779 | 	   1190 | 	 
    25 | 	       ship_003.mtx | 	5.986178 | 	 6159.575472 | 	   1140 | 	 6.027780 | 	 11053.641627 | 	   1030 | 	 
    26 | 	        Spin-26.mtx | 	1.583731 | 	 518542.306677 | 	   1410 | 	 1.552193 | 	 968100.568864 | 	   1290 | 	 
    27 | 	       thermal2.mtx | 	6.096852 | 	 9569.878281 | 	   1700 | 	 4.783377 | 	 21668.831122 | 	   1510 | 	 
