Counter | 	             Matrix | 	   KACZ| 	    KACZ| 	    KACZ| 	 SYMM_KACZ| 	 SYMM_KACZ| 	 SYMM_KACZ| 	 
     0 | 	  Anderson-16.5.mtx | 	19.144358 | 	 4171.440393 | 	   1360 | 	 18.367932 | 	 8375.851569 | 	   1310 | 	 
     1 | 	       audikw_1.mtx | 	10.135351 | 	 30339.484315 | 	    990 | 	 9.812284 | 	 62676.808565 | 	    990 | 	 
     2 | 	        bone010.mtx | 	14.412480 | 	 24066.989364 | 	   1210 | 	 13.595008 | 	 68318.870706 | 	   1620 | 	 
     3 | 	 channel-500x100x100-b050.mtx | 	9.787671 | 	 73696.584951 | 	   2000 | 	 9.221154 | 	 108731.718026 | 	   1390 | 	 
     4 | 	     crankseg_1.mtx | 	1.871128 | 	 24051.935426 | 	   1060 | 	 1.829046 | 	 58959.915604 | 	   1270 | 	 
     5 | 	   delaunay_n24.mtx | 	7.884395 | 	 57197.938625 | 	   1120 | 	 7.910617 | 	 160844.957497 | 	   1580 | 	 
     6 | 	 dielFilterV3real.mtx | 	12.868804 | 	 27481.328851 | 	    990 | 	 12.218950 | 	 73672.833425 | 	   1260 | 	 
     7 | 	     Emilia_923.mtx | 	13.649831 | 	 19947.101525 | 	   1660 | 	 12.677173 | 	 38038.546468 | 	   1470 | 	 
     8 | 	             F1.mtx | 	9.099966 | 	 11324.714162 | 	    960 | 	 8.831318 | 	 30388.571843 | 	   1250 | 	 
     9 | 	      Fault_639.mtx | 	9.438852 | 	 20614.693682 | 	   1700 | 	 9.092548 | 	 41037.332098 | 	   1630 | 	 
    10 | 	      Flan_1565.mtx | 	17.421782 | 	 45016.772071 | 	   1670 | 	 16.168485 | 	 160331.997553 | 	   2760 | 	 
    11 | 	     G3_circuit.mtx | 	19.336016 | 	 2044.364354 | 	   1290 | 	 18.244402 | 	 4064.632750 | 	   1210 | 	 
    12 | 	       Geo_1438.mtx | 	12.578577 | 	 36151.003635 | 	   1800 | 	 11.727714 | 	 68500.402310 | 	   1590 | 	 
    13 | 	  Graphene-4096.mtx | 	12.318926 | 	 118219.036557 | 	   1670 | 	 12.016716 | 	 210453.416169 | 	   1450 | 	 
    14 | 	 Graphene-short-4096.mtx | 	12.231989 | 	 33131.431643 | 	   1510 | 	 12.061076 | 	 52960.399832 | 	   1190 | 	 
    15 | 	     gsm_106857.mtx | 	10.815059 | 	 4506.678178 | 	    560 | 	 10.274120 | 	 18636.977220 | 	   1100 | 	 
    16 | 	      Hook_1498.mtx | 	12.662108 | 	 27134.058628 | 	   1410 | 	 11.722994 | 	 59031.181965 | 	   1420 | 	 
    17 | 	       HPCG-192.mtx | 	11.644038 | 	 129933.768378 | 	   2000 | 	 11.439729 | 	 179865.896772 | 	   1360 | 	 
    18 | 	       inline_1.mtx | 	11.162597 | 	 10818.056409 | 	    820 | 	 10.718812 | 	 27752.706636 | 	   1010 | 	 
    19 | 	      nlpkkt120.mtx | 	12.359326 | 	 60806.174557 | 	   1940 | 	 11.097530 | 	 92154.882893 | 	   1320 | 	 
    20 | 	      nlpkkt200.mtx | 	5.836947 | 	 608185.605078 | 	   1980 | 	 5.661606 | 	 848695.304758 | 	   1340 | 	 
    21 | 	       offshore.mtx | 	6.327601 | 	 3272.052711 | 	   1220 | 	 6.225119 | 	 6542.792686 | 	   1200 | 	 
    22 | 	  parabolic_fem.mtx | 	24.228580 | 	 1213.319166 | 	   2000 | 	 21.114680 | 	 1990.923360 | 	   1430 | 	 
    23 | 	           pwtk.mtx | 	14.028104 | 	 4412.224030 | 	   1330 | 	 13.545971 | 	 8314.001859 | 	   1210 | 	 
    24 | 	         Serena.mtx | 	8.407842 | 	 34384.805471 | 	   1120 | 	 8.235745 | 	 70833.493741 | 	   1130 | 	 
    25 | 	       ship_003.mtx | 	7.970295 | 	 4747.959582 | 	   1170 | 	 7.847925 | 	 9314.277436 | 	   1130 | 	 
    26 | 	        Spin-26.mtx | 	5.049685 | 	 162630.203117 | 	   1410 | 	 4.933386 | 	 304593.807940 | 	   1290 | 	 
    27 | 	       thermal2.mtx | 	20.251550 | 	 2881.069730 | 	   1700 | 	 19.037512 | 	 4903.676762 | 	   1360 | 	 
