Counter | 	             Matrix | 	   KACZ| 	    KACZ| 	    KACZ| 	 SYMM_KACZ| 	 SYMM_KACZ| 	 SYMM_KACZ| 	 
     0 | 	  Anderson-16.5.mtx | 	8.786860 | 	 9088.519693 | 	   1360 | 	 8.860685 | 	 14712.064312 | 	   1110 | 	 
     1 | 	       audikw_1.mtx | 	13.233459 | 	 24644.937315 | 	   1050 | 	 12.526642 | 	 50087.401551 | 	   1010 | 	 
     2 | 	        bone010.mtx | 	13.650754 | 	 26249.951889 | 	   1250 | 	 13.435144 | 	 43100.683757 | 	   1010 | 	 
     3 | 	 channel-500x100x100-b050.mtx | 	11.979832 | 	 60211.024937 | 	   2000 | 	 12.112548 | 	 60742.322669 | 	   1020 | 	 
     4 | 	     crankseg_1.mtx | 	9.995799 | 	 4502.316673 | 	   1060 | 	 8.814827 | 	 10018.373837 | 	   1040 | 	 
     5 | 	   delaunay_n24.mtx | 	7.908420 | 	 56515.033302 | 	   1110 | 	 7.687837 | 	 106845.624704 | 	   1020 | 	 
     6 | 	 dielFilterV3real.mtx | 	13.027075 | 	 25502.147367 | 	    930 | 	 12.468738 | 	 57872.147432 | 	   1010 | 	 
     7 | 	     Emilia_923.mtx | 	12.547825 | 	 21568.227907 | 	   1650 | 	 12.586951 | 	 27886.384388 | 	   1070 | 	 
     8 | 	             F1.mtx | 	12.888995 | 	 8078.829865 | 	    970 | 	 12.416125 | 	 17464.697351 | 	   1010 | 	 
     9 | 	      Fault_639.mtx | 	11.892088 | 	 15977.068527 | 	   1660 | 	 11.874714 | 	 21012.632224 | 	   1090 | 	 
    10 | 	      Flan_1565.mtx | 	13.602580 | 	 61108.610671 | 	   1770 | 	 13.462140 | 	 92793.587776 | 	   1330 | 	 
    11 | 	 FreeBosonChain-18.mtx | 	8.465524 | 	 3863.532651 | 	    210 | 	 8.299701 | 	 34903.554193 | 	    930 | 	 
    12 | 	 FreeFermionChain-26.mtx | 	8.334697 | 	 9447.856266 | 	    140 | 	 8.101027 | 	 91649.256942 | 	    660 | 	 
    13 | 	     G3_circuit.mtx | 	7.878879 | 	 5017.193404 | 	   1290 | 	 7.971574 | 	 7918.788677 | 	   1030 | 	 
    14 | 	       Geo_1438.mtx | 	12.132037 | 	 38522.756513 | 	   1850 | 	 12.041858 | 	 42797.265358 | 	   1020 | 	 
    15 | 	  Graphene-4096.mtx | 	11.428649 | 	 165580.279567 | 	   2170 | 	 10.846834 | 	 162402.297646 | 	   1010 | 	 
    16 | 	     gsm_106857.mtx | 	11.382117 | 	 4205.687829 | 	    550 | 	 11.372827 | 	 15305.903254 | 	   1000 | 	 
    17 | 	      Hook_1498.mtx | 	11.990081 | 	 28654.884085 | 	   1410 | 	 11.788976 | 	 42578.740967 | 	   1030 | 	 
    18 | 	       HPCG-192.mtx | 	11.567283 | 	 130795.952859 | 	   2000 | 	 11.675337 | 	 142543.992601 | 	   1100 | 	 
    19 | 	     Hubbard-12.mtx | 	8.599895 | 	 1342.120001 | 	    260 | 	 8.388622 | 	 15876.023831 | 	   1500 | 	 
    20 | 	     Hubbard-14.mtx | 	8.432844 | 	 26817.190376 | 	    320 | 	 8.294585 | 	 138024.982441 | 	    810 | 	 
    21 | 	       inline_1.mtx | 	13.900600 | 	 8793.163796 | 	    830 | 	 13.525165 | 	 21776.499063 | 	   1000 | 	 
    22 | 	      nlpkkt120.mtx | 	10.790079 | 	 69290.457133 | 	   1930 | 	 10.905698 | 	 71752.766984 | 	   1010 | 	 
    23 | 	      nlpkkt200.mtx | 	11.557058 | 	 305615.668713 | 	   1970 | 	 11.623303 | 	 314671.401747 | 	   1020 | 	 
    24 | 	       offshore.mtx | 	9.350565 | 	 2250.522591 | 	   1240 | 	 9.125201 | 	 3831.107334 | 	   1030 | 	 
    25 | 	  parabolic_fem.mtx | 	9.715090 | 	 3025.911209 | 	   2000 | 	 9.669759 | 	 3131.299327 | 	   1030 | 	 
    26 | 	           pwtk.mtx | 	13.864256 | 	 4061.567517 | 	   1210 | 	 14.273255 | 	 6651.384193 | 	   1020 | 	 
    27 | 	         Serena.mtx | 	11.542297 | 	 25047.182256 | 	   1120 | 	 11.423776 | 	 44739.240172 | 	    990 | 	 
    28 | 	       ship_003.mtx | 	13.072283 | 	 2845.390931 | 	   1150 | 	 13.714179 | 	 4811.227660 | 	   1020 | 	 
    29 | 	        Spin-26.mtx | 	8.614900 | 	 95326.859841 | 	   1410 | 	 8.560665 | 	 168729.335963 | 	   1240 | 	 
    30 | 	       thermal2.mtx | 	9.225400 | 	 6287.306498 | 	   1690 | 	 9.255635 | 	 7490.456551 | 	   1010 | 	 
