#Iter, abs. error
10, 0.0007855860673691
20, 0.0007853195883684
30, 0.0007851348416024
40, 0.0007849941830230
50, 0.0007848820667300
60, 0.0007847900017130
70, 0.0007847125980864
80, 0.0007846461656493
90, 0.0007845880812104
100, 0.0007845364401189
110, 0.0007844898394590
120, 0.0007844472341074
130, 0.0007844078377500
140, 0.0007843710533551
150, 0.0007843364236138
160, 0.0007843035952066
170, 0.0007842722927929
180, 0.0007842422999204
190, 0.0007842134449080
200, 0.0007841855903372
210, 0.0007841586251794
220, 0.0007841324588636
230, 0.0007841070167817
240, 0.0007840822368635
250, 0.0007840580669543
260, 0.0007840344627954
270, 0.0007840113864623
280, 0.0007839888051482
290, 0.0007839666902142
300, 0.0007839450164409
310, 0.0007839237614376
320, 0.0007839029051721
330, 0.0007838824295942
340, 0.0007838623183328
350, 0.0007838425564509
360, 0.0007838231302450
370, 0.0007838040270812
380, 0.0007837852352595
390, 0.0007837667439009
400, 0.0007837485428529
410, 0.0007837306226095
420, 0.0007837129742443
430, 0.0007836955893517
440, 0.0007836784599982
450, 0.0007836615786785
460, 0.0007836449382787
470, 0.0007836285320433
480, 0.0007836123535462
490, 0.0007835963966655
500, 0.0007835806555605
510, 0.0007835651246514
