#Iter, abs. error
10, 0.0008121762884545
20, 0.0008116263472172
30, 0.0008112679983304
40, 0.0008109940372983
50, 0.0008107690445341
60, 0.0008105764975857
70, 0.0008104072309945
80, 0.0008102555863989
90, 0.0008101178044699
100, 0.0008099912497425
110, 0.0008098739971452
120, 0.0008097645940896
130, 0.0008096619152488
140, 0.0008095650696083
150, 0.0008094733386116
160, 0.0008093861336313
170, 0.0008093029659078
180, 0.0008092234247868
190, 0.0008091471616339
200, 0.0008090738777279
210, 0.0008090033149985
220, 0.0008089352488395
230, 0.0008088694824586
240, 0.0008088058423830
250, 0.0008087441748478
260, 0.0008086843428640
270, 0.0008086262238185
280, 0.0008085697074925
290, 0.0008085146944138
300, 0.0008084610944775
310, 0.0008084088257824
320, 0.0008083578136460
330, 0.0008083079897632
340, 0.0008082592914869
350, 0.0008082116612069
360, 0.0008081650458143
370, 0.0008081193962343
380, 0.0008080746670202
390, 0.0008080308159974
400, 0.0008079878039498
410, 0.0008079455943443
420, 0.0008079041530866
430, 0.0008078634483042
440, 0.0008078234501540
450, 0.0008077841306495
460, 0.0008077454635075
470, 0.0008077074240093
480, 0.0008076699888766
490, 0.0008076331361594
500, 0.0008075968451348
510, 0.0008075610962153
