#Iter, abs. error
10, 0.0008429419055990
20, 0.0008424485112517
30, 0.0008420971695129
40, 0.0008418108884621
50, 0.0008415635224017
60, 0.0008413425925937
70, 0.0008411411014896
80, 0.0008409546938182
90, 0.0008407804474829
100, 0.0008406162885715
110, 0.0008404606804615
120, 0.0008403124457770
130, 0.0008401706579885
140, 0.0008400345719786
150, 0.0008399035776544
160, 0.0008397771678477
170, 0.0008396549154394
180, 0.0008395364566462
190, 0.0008394214785477
200, 0.0008393097096059
210, 0.0008392009123422
220, 0.0008390948776008
230, 0.0008389914199984
240, 0.0008388903742730
250, 0.0008387915923245
260, 0.0008386949407940
270, 0.0008386002990663
280, 0.0008385075576083
290, 0.0008384166165785
300, 0.0008383273846531
310, 0.0008382397780310
320, 0.0008381537195840
330, 0.0008380691381277
340, 0.0008379859677929
350, 0.0008379041474806
360, 0.0008378236203872
370, 0.0008377443335900
380, 0.0008376662376830
390, 0.0008375892864556
400, 0.0008375134366093
410, 0.0008374386475052
420, 0.0008373648809405
430, 0.0008372921009472
440, 0.0008372202736136
450, 0.0008371493669227
460, 0.0008370793506068
470, 0.0008370101960172
480, 0.0008369418760049
490, 0.0008368743648132
500, 0.0008368076379803
510, 0.0008367416722493
