Counter | 	             Matrix | 	   KACZ| 	    KACZ| 	    KACZ| 	 SYMM_KACZ| 	 SYMM_KACZ| 	 SYMM_KACZ| 	 
     0 | 	  Anderson-16.5.mtx | 	5.341355 | 	 14951.177903 | 	   1360 | 	 5.457603 | 	 28189.495730 | 	   1310 | 	 
     1 | 	       audikw_1.mtx | 	5.524753 | 	 55658.831380 | 	    990 | 	 5.386030 | 	 114184.775898 | 	    990 | 	 
     2 | 	        bone010.mtx | 	6.758260 | 	 51324.604317 | 	   1210 | 	 6.460395 | 	 143767.614743 | 	   1620 | 	 
     3 | 	 channel-500x100x100-b050.mtx | 	3.056918 | 	 235962.445040 | 	   2000 | 	 3.028531 | 	 331062.136639 | 	   1390 | 	 
     4 | 	     crankseg_1.mtx | 	2.086772 | 	 21566.446869 | 	   1060 | 	 2.074471 | 	 51984.511690 | 	   1270 | 	 
     5 | 	   delaunay_n24.mtx | 	2.460327 | 	 183297.231962 | 	   1120 | 	 2.353157 | 	 540713.214589 | 	   1580 | 	 
     6 | 	 dielFilterV3real.mtx | 	5.969445 | 	 59243.670750 | 	    990 | 	 5.820991 | 	 154648.000671 | 	   1260 | 	 
     7 | 	     Emilia_923.mtx | 	5.993185 | 	 45430.698894 | 	   1660 | 	 5.740404 | 	 84004.755924 | 	   1470 | 	 
     8 | 	             F1.mtx | 	5.099436 | 	 20209.002004 | 	    960 | 	 5.000604 | 	 53667.747437 | 	   1250 | 	 
     9 | 	      Fault_639.mtx | 	5.706410 | 	 34098.329855 | 	   1700 | 	 5.498699 | 	 67858.582784 | 	   1630 | 	 
    10 | 	      Flan_1565.mtx | 	6.705992 | 	 116950.979991 | 	   1670 | 	 6.233426 | 	 415874.875131 | 	   2760 | 	 
    11 | 	 FreeBosonChain-18.mtx | 	2.572007 | 	 32699.471986 | 	    540 | 	 2.338942 | 	 559344.011713 | 	   4200 | 	 
    12 | 	 FreeFermionChain-26.mtx | 	1.701081 | 	 105808.348036 | 	    320 | 	 1.658420 | 	 1919627.789997 | 	   2830 | 	 
    13 | 	     G3_circuit.mtx | 	7.305524 | 	 5410.955112 | 	   1290 | 	 7.182862 | 	 10324.128610 | 	   1210 | 	 
    14 | 	       Geo_1438.mtx | 	5.767612 | 	 78841.670332 | 	   1800 | 	 5.539975 | 	 145010.249867 | 	   1590 | 	 
    15 | 	  Graphene-4096.mtx | 	4.761317 | 	 305867.373451 | 	   1670 | 	 4.536472 | 	 557472.655865 | 	   1450 | 	 
    16 | 	     gsm_106857.mtx | 	5.656614 | 	 8616.459909 | 	    560 | 	 5.384840 | 	 35558.817786 | 	   1100 | 	 
    17 | 	      Hook_1498.mtx | 	5.768682 | 	 59558.558791 | 	   1410 | 	 5.450630 | 	 126961.861432 | 	   1420 | 	 
    18 | 	       HPCG-192.mtx | 	4.093479 | 	 369600.977442 | 	   2000 | 	 4.088213 | 	 503304.751547 | 	   1360 | 	 
    19 | 	     Hubbard-12.mtx | 	5.376813 | 	 4788.662309 | 	    580 | 	 4.191218 | 	 99986.854817 | 	   4720 | 	 
    20 | 	     Hubbard-14.mtx | 	1.764026 | 	 320495.791400 | 	    800 | 	 1.699188 | 	 6654505.826733 | 	   8000 | 	 
    21 | 	       inline_1.mtx | 	5.483900 | 	 22020.386219 | 	    820 | 	 5.352471 | 	 55577.334467 | 	   1010 | 	 
    22 | 	      nlpkkt120.mtx | 	3.327835 | 	 225829.524033 | 	   1940 | 	 3.377477 | 	 302797.526731 | 	   1320 | 	 
    23 | 	      nlpkkt200.mtx | 	2.377734 | 	 1492995.965259 | 	   1980 | 	 2.470589 | 	 1944871.860136 | 	   1340 | 	 
    24 | 	       offshore.mtx | 	4.539411 | 	 4560.998355 | 	   1220 | 	 4.159082 | 	 9792.944282 | 	   1200 | 	 
    25 | 	  parabolic_fem.mtx | 	9.815010 | 	 2995.106511 | 	   2000 | 	 9.401340 | 	 4471.459193 | 	   1430 | 	 
    26 | 	           pwtk.mtx | 	7.531763 | 	 8217.881818 | 	   1330 | 	 7.297117 | 	 15433.659821 | 	   1210 | 	 
    27 | 	         Serena.mtx | 	5.380334 | 	 53733.096508 | 	   1120 | 	 5.187995 | 	 112445.471056 | 	   1130 | 	 
    28 | 	       ship_003.mtx | 	5.638064 | 	 6711.991585 | 	   1170 | 	 5.491078 | 	 13312.095176 | 	   1130 | 	 
    29 | 	        Spin-26.mtx | 	1.819637 | 	 451316.156641 | 	   1410 | 	 1.762873 | 	 852403.104979 | 	   1290 | 	 
    30 | 	       thermal2.mtx | 	8.657626 | 	 6739.275979 | 	   1700 | 	 8.397550 | 	 11116.790188 | 	   1360 | 	 
