Id,	 Matrix,			 NNZR,	 Measured alpha
0,	Anderson-16.5             ,	7,	0.25
1,	audikw_1                  ,	82.285,	0.058804
2,	bone010                   ,	72.632,	0.046614
3,	channel-500x100x100-b050  ,	17.776,	0.106092
4,	crankseg_1                ,	201.011,	0.015517
5,	delaunay_n24              ,	6,	0.285715
6,	dielFilterV3real          ,	80.979,	0.061245
7,	Emilia_923                ,	44.419,	0.074992
8,	F1                        ,	78.062,	0.036258
9,	Fault_639                 ,	44.794,	0.07578
10,	Flan_1565                 ,	75.03,	0.047201
11,	G3_circuit                ,	4.832,	0.342943
12,	Geo_1438                  ,	43.921,	0.079875
13,	Graphene-4096             ,	12.995,	0.142912
14,	Graphene-short-4096       ,	3.999,	0.400059
15,	gsm_106857                ,	36.914,	0.079949
16,	Hook_1498                 ,	40.665,	0.08376
17,	HPCG-192                  ,	26.72,	0.121391
18,	inline_1                  ,	73.09,	0.027221
19,	nlpkkt120                 ,	27.339,	0.147214
20,	nlpkkt200                 ,	27.6,	0.152682
21,	offshore                  ,	16.331,	0.115399
22,	parabolic_fem             ,	6.988,	0.250366
23,	pwtk                      ,	53.389,	0.036772
24,	Serena                    ,	46.381,	0.1099
25,	ship_003                  ,	66.427,	0.031989
26,	Spin-26                   ,	14,	0.31568
27,	thermal2                  ,	6.987,	0.250408
