Counter | 	             Matrix | 	   KACZ| 	    KACZ| 	    KACZ| 	 SYMM_KACZ| 	 SYMM_KACZ| 	 SYMM_KACZ| 	 
     0 | 	  Anderson-16.5.mtx | 	5.824942 | 	 13709.930879 | 	   1360 | 	 5.443401 | 	 23300.830044 | 	   1080 | 	 
     1 | 	       audikw_1.mtx | 	12.073193 | 	 27785.191019 | 	   1080 | 	 11.638545 | 	 50706.855588 | 	    950 | 	 
     2 | 	        bone010.mtx | 	12.096532 | 	 28911.729766 | 	   1220 | 	 11.982375 | 	 65551.520553 | 	   1370 | 	 
     3 | 	 channel-500x100x100-b050.mtx | 	7.563063 | 	 95373.782489 | 	   2000 | 	 7.487216 | 	 108864.138160 | 	   1130 | 	 
     4 | 	     crankseg_1.mtx | 	6.912565 | 	 7616.055620 | 	   1240 | 	 6.178656 | 	 30921.897044 | 	   2250 | 	 
     5 | 	   delaunay_n24.mtx | 	5.694964 | 	 77773.639810 | 	   1100 | 	 5.642745 | 	 179821.175260 | 	   1260 | 	 
     6 | 	 dielFilterV3real.mtx | 	11.694499 | 	 29019.018006 | 	    950 | 	 11.449803 | 	 64894.222068 | 	   1040 | 	 
     7 | 	     Emilia_923.mtx | 	11.495770 | 	 23827.440844 | 	   1670 | 	 11.595278 | 	 33666.253404 | 	   1190 | 	 
     8 | 	             F1.mtx | 	12.471609 | 	 8349.203523 | 	    970 | 	 11.974533 | 	 20798.172573 | 	   1160 | 	 
     9 | 	      Fault_639.mtx | 	12.075697 | 	 16208.059268 | 	   1710 | 	 12.132818 | 	 24716.486982 | 	   1310 | 	 
    10 | 	      Flan_1565.mtx | 	11.860814 | 	 63351.360773 | 	   1600 | 	 11.772924 | 	 138020.056977 | 	   1730 | 	 
    11 | 	     G3_circuit.mtx | 	6.511190 | 	 6024.003175 | 	   1280 | 	 6.503159 | 	 8575.957836 | 	    910 | 	 
    12 | 	       Geo_1438.mtx | 	10.963168 | 	 42860.402123 | 	   1860 | 	 10.855085 | 	 61439.839140 | 	   1320 | 	 
    13 | 	  Graphene-4096.mtx | 	8.613684 | 	 196406.835167 | 	   1940 | 	 8.162013 | 	 245739.141397 | 	   1150 | 	 
    14 | 	 Graphene-short-4096.mtx | 	4.546021 | 	 115713.750485 | 	   1960 | 	 4.595417 | 	 122646.374081 | 	   1050 | 	 
    15 | 	     gsm_106857.mtx | 	11.991487 | 	 3774.224192 | 	    520 | 	 12.100507 | 	 12083.788920 | 	    840 | 	 
    16 | 	      Hook_1498.mtx | 	10.794010 | 	 31830.097344 | 	   1410 | 	 10.786634 | 	 51505.140587 | 	   1140 | 	 
    17 | 	       HPCG-192.mtx | 	8.442301 | 	 179211.068078 | 	   2000 | 	 8.302103 | 	 207750.644286 | 	   1140 | 	 
    18 | 	       inline_1.mtx | 	12.660776 | 	 9654.246850 | 	    830 | 	 12.298856 | 	 26342.596394 | 	   1100 | 	 
    19 | 	      nlpkkt120.mtx | 	7.879823 | 	 94389.902118 | 	   1920 | 	 7.907156 | 	 109740.884418 | 	   1120 | 	 
    20 | 	      nlpkkt200.mtx | 	7.623972 | 	 460926.239255 | 	   1960 | 	 7.577819 | 	 539445.140678 | 	   1140 | 	 
    21 | 	       offshore.mtx | 	8.568780 | 	 2416.241888 | 	   1220 | 	 8.435306 | 	 3581.118854 | 	    890 | 	 
    22 | 	  parabolic_fem.mtx | 	9.266439 | 	 3172.415931 | 	   2000 | 	 9.062039 | 	 6098.667373 | 	   1880 | 	 
    23 | 	           pwtk.mtx | 	13.180195 | 	 4660.762647 | 	   1320 | 	 13.491702 | 	 7312.636692 | 	   1060 | 	 
    24 | 	         Serena.mtx | 	10.878307 | 	 26576.012974 | 	   1120 | 	 10.805083 | 	 48256.559553 | 	   1010 | 	 
    25 | 	       ship_003.mtx | 	11.798981 | 	 3152.454957 | 	   1150 | 	 11.847884 | 	 5569.098911 | 	   1020 | 	 
    26 | 	        Spin-26.mtx | 	2.717014 | 	 302255.079732 | 	   1410 | 	 2.473984 | 	 532056.769058 | 	   1130 | 	 
    27 | 	       thermal2.mtx | 	7.882658 | 	 7401.834647 | 	   1700 | 	 7.829024 | 	 13063.867279 | 	   1490 | 	 
